{"notes": ["musk", "bergamot", "sandalwood", "jasmine", "amber", "patchouli", "vanilla", "rose", "cedar", "mandarin orange", "vetiver", "tonka bean", "lemon", "lavender", "orange blossom"], "families": ["musky", "citrus", "woody", "floral", "musky", "woody", "sweet", "floral", "woody", "citrus", "woody", "sweet", "citrus", "fresh", "floral"], "matrix": [[0, 0, 4229, 0, 0, 3109, 3123, 3467, 0, 0, 1637, 1376, 0, 0, 1311], [0, 0, 3395, 3411, 0, 3197, 2631, 2565, 2495, 1697, 1853, 1497, 1557, 1411, 1124], [4229, 3395, 0, 0, 0, 0, 2635, 0, 0, 0, 1388, 1335, 0, 0, 0], [0, 3411, 0, 0, 0, 2515, 2667, 2864, 0, 1652, 1317, 1069, 1203, 620, 1144], [0, 0, 0, 0, 0, 2554, 2342, 2391, 2001, 1501, 1359, 1084, 1116, 1049, 862], [3109, 3197, 0, 2515, 2554, 0, 2312, 2223, 0, 0, 1602, 1122, 0, 0, 0], [3123, 2631, 2635, 2667, 2342, 2312, 0, 0, 0, 0, 914, 0, 0, 0, 0], [3467, 2565, 0, 2864, 2391, 2223, 0, 0, 0, 0, 989, 820, 0, 0, 0], [0, 2495, 0, 0, 2001, 0, 0, 0, 0, 1019, 1276, 873, 1180, 956, 650], [0, 1697, 0, 1652, 1501, 0, 0, 0, 1019, 0, 694, 618, 0, 0, 629], [1637, 1853, 1388, 1317, 1359, 1602, 914, 989, 1276, 694, 0, 0, 0, 0, 0], [1376, 1497, 1335, 1069, 1084, 1122, 0, 820, 873, 618, 0, 0, 0, 0, 0], [0, 1557, 0, 1203, 1116, 0, 0, 0, 1180, 0, 0, 0, 0, 0, 405], [0, 1411, 0, 620, 1049, 0, 0, 0, 956, 0, 0, 0, 0, 0, 233], [1311, 1124, 0, 1144, 862, 0, 0, 0, 650, 629, 0, 0, 405, 233, 0]], "noteFrequencies": {"musk": 11022, "bergamot": 8617, "sandalwood": 8059, "jasmine": 7745, "amber": 7730, "patchouli": 7254, "vanilla": 6742, "rose": 6251, "cedar": 5628, "mandarin orange": 4007, "vetiver": 3911, "tonka bean": 3347, "lemon": 3036, "lavender": 2732, "orange blossom": 2679}}